23155BAKERSFIELD,CA                  193710-202012    82    87    94   101   107   114   115   112   112   103    94    83   115
23157BISHOP,CA                       189502-202012    77    81    87    94   104   109   110   108   107    97    89    81   110
23225BLUE_CANYON,CA                  194312-202012    76    73    72    82    88    92    95    97    93    88    78    75    97
93193FRESNO,CA                       194801-202012    78    83    91   100   107   110   113   112   111   102    90    77   113
23129LONG_BEACH,CA                   194901-202012    93    92    98   105   104   109   109   105   111   111   101    92   111
93134LOS_ANGELES,CA                  190604-202012    95    95    98   106   102   112   108   105   113   108   100    92   113
24257REDDING,CA                      198609-202012    80    83    88    96   106   117   118   115   116   106    89    78   118
23232SACRAMENTO,CA                   194112-202012    76    78    88    95   105   115   114   112   109   104    87    74   115
23188SAN_DIEGO,CA                    193907-202012    88    90    93    98    97   101    99    98   111   107   100    88   111
23272SAN_FRANCISCO,CA                192101-202012    79    81    87    94    97   103    99    98   106   102    86    76   106
23190SANTA_BARBARA,CA                194101-202012    86    87    94    96   101   109   109   105   104   103    97    89   109
23273SANTA_MARIA,CA                  194801-202012    89    89    95   103   105   110   104   104   106   108    96    90   110